UNITS=MM
#
#Num Features
#
F 516

#
#Feature symbol names
#
$0 r50.0

#
#Feature attribute names
#

#
#Feature attribute text strings
#
#
#Layer features
#
L 13.0 -198.86 12.96 -198.86 0 P 0 
L 12.96 -198.86 12.93 -198.86 0 P 0 
L 12.93 -198.86 12.89 -198.86 0 P 0 
L 12.89 -198.86 12.85 -198.86 0 P 0 
L 12.85 -198.86 12.82 -198.85 0 P 0 
L 12.82 -198.85 12.78 -198.85 0 P 0 
L 12.78 -198.85 12.74 -198.85 0 P 0 
L 12.74 -198.85 12.71 -198.85 0 P 0 
L 12.71 -198.85 12.67 -198.84 0 P 0 
L 12.67 -198.84 12.63 -198.84 0 P 0 
L 12.63 -198.84 12.60 -198.83 0 P 0 
L 12.60 -198.83 12.56 -198.83 0 P 0 
L 12.56 -198.83 12.52 -198.82 0 P 0 
L 12.52 -198.82 12.49 -198.82 0 P 0 
L 12.49 -198.82 12.45 -198.81 0 P 0 
L 12.45 -198.81 12.41 -198.80 0 P 0 
L 12.41 -198.80 12.38 -198.79 0 P 0 
L 12.38 -198.79 12.34 -198.79 0 P 0 
L 12.34 -198.79 12.31 -198.78 0 P 0 
L 12.31 -198.78 12.27 -198.77 0 P 0 
L 12.27 -198.77 12.24 -198.76 0 P 0 
L 12.24 -198.76 12.20 -198.75 0 P 0 
L 12.20 -198.75 12.16 -198.74 0 P 0 
L 12.16 -198.74 12.13 -198.73 0 P 0 
L 12.13 -198.73 12.09 -198.72 0 P 0 
L 12.09 -198.72 12.06 -198.71 0 P 0 
L 12.06 -198.71 12.02 -198.70 0 P 0 
L 12.02 -198.70 11.99 -198.68 0 P 0 
L 11.99 -198.68 11.95 -198.67 0 P 0 
L 11.95 -198.67 11.92 -198.66 0 P 0 
L 11.92 -198.66 11.89 -198.65 0 P 0 
L 11.89 -198.65 11.85 -198.63 0 P 0 
L 11.85 -198.63 11.82 -198.62 0 P 0 
L 11.82 -198.62 11.78 -198.60 0 P 0 
L 11.78 -198.60 11.75 -198.59 0 P 0 
L 11.75 -198.59 11.72 -198.57 0 P 0 
L 11.72 -198.57 11.68 -198.56 0 P 0 
L 11.68 -198.56 11.65 -198.54 0 P 0 
L 11.65 -198.54 11.62 -198.52 0 P 0 
L 11.62 -198.52 11.59 -198.51 0 P 0 
L 11.59 -198.51 11.55 -198.49 0 P 0 
L 11.55 -198.49 11.52 -198.47 0 P 0 
L 11.52 -198.47 11.49 -198.45 0 P 0 
L 11.49 -198.45 11.46 -198.43 0 P 0 
L 11.46 -198.43 11.43 -198.41 0 P 0 
L 11.43 -198.41 11.40 -198.39 0 P 0 
L 11.40 -198.39 11.36 -198.37 0 P 0 
L 11.36 -198.37 11.33 -198.35 0 P 0 
L 11.33 -198.35 11.30 -198.33 0 P 0 
L 11.30 -198.33 11.27 -198.31 0 P 0 
L 11.27 -198.31 11.24 -198.29 0 P 0 
L 11.24 -198.29 11.21 -198.27 0 P 0 
L 11.21 -198.27 11.18 -198.25 0 P 0 
L 11.18 -198.25 11.15 -198.23 0 P 0 
L 11.15 -198.23 11.13 -198.20 0 P 0 
L 11.13 -198.20 11.10 -198.18 0 P 0 
L 11.10 -198.18 11.07 -198.16 0 P 0 
L 11.07 -198.16 11.04 -198.13 0 P 0 
L 11.04 -198.13 11.01 -198.11 0 P 0 
L 11.01 -198.11 10.99 -198.08 0 P 0 
L 10.99 -198.08 10.96 -198.06 0 P 0 
L 10.96 -198.06 10.93 -198.03 0 P 0 
L 10.93 -198.03 10.90 -198.01 0 P 0 
L 10.90 -198.01 10.88 -197.98 0 P 0 
L 10.88 -197.98 10.85 -197.96 0 P 0 
L 10.85 -197.96 10.83 -197.93 0 P 0 
L 10.83 -197.93 10.80 -197.90 0 P 0 
L 10.80 -197.90 10.78 -197.87 0 P 0 
L 10.78 -197.87 10.75 -197.85 0 P 0 
L 10.75 -197.85 10.73 -197.82 0 P 0 
L 10.73 -197.82 10.70 -197.79 0 P 0 
L 10.70 -197.79 10.68 -197.76 0 P 0 
L 10.68 -197.76 10.66 -197.73 0 P 0 
L 10.66 -197.73 10.63 -197.71 0 P 0 
L 10.63 -197.71 10.61 -197.68 0 P 0 
L 10.61 -197.68 10.59 -197.65 0 P 0 
L 10.59 -197.65 10.57 -197.62 0 P 0 
L 10.57 -197.62 10.55 -197.59 0 P 0 
L 10.55 -197.59 10.53 -197.56 0 P 0 
L 10.53 -197.56 10.51 -197.53 0 P 0 
L 10.51 -197.53 10.49 -197.50 0 P 0 
L 10.49 -197.50 10.47 -197.47 0 P 0 
L 10.47 -197.47 10.45 -197.43 0 P 0 
L 10.45 -197.43 10.43 -197.40 0 P 0 
L 10.43 -197.40 10.41 -197.37 0 P 0 
L 10.41 -197.37 10.39 -197.34 0 P 0 
L 10.39 -197.34 10.37 -197.31 0 P 0 
L 10.37 -197.31 10.35 -197.27 0 P 0 
L 10.35 -197.27 10.34 -197.24 0 P 0 
L 10.34 -197.24 10.32 -197.21 0 P 0 
L 10.32 -197.21 10.30 -197.18 0 P 0 
L 10.30 -197.18 10.29 -197.14 0 P 0 
L 10.29 -197.14 10.27 -197.11 0 P 0 
L 10.27 -197.11 10.26 -197.08 0 P 0 
L 10.26 -197.08 10.24 -197.04 0 P 0 
L 10.24 -197.04 10.23 -197.01 0 P 0 
L 10.23 -197.01 10.21 -196.97 0 P 0 
L 10.21 -196.97 10.20 -196.94 0 P 0 
L 10.20 -196.94 10.19 -196.91 0 P 0 
L 10.19 -196.91 10.18 -196.87 0 P 0 
L 10.18 -196.87 10.16 -196.84 0 P 0 
L 10.16 -196.84 10.15 -196.80 0 P 0 
L 10.15 -196.80 10.14 -196.77 0 P 0 
L 10.14 -196.77 10.13 -196.73 0 P 0 
L 10.13 -196.73 10.12 -196.70 0 P 0 
L 10.12 -196.70 10.11 -196.66 0 P 0 
L 10.11 -196.66 10.10 -196.62 0 P 0 
L 10.10 -196.62 10.09 -196.59 0 P 0 
L 10.09 -196.59 10.08 -196.55 0 P 0 
L 10.08 -196.55 10.07 -196.52 0 P 0 
L 10.07 -196.52 10.07 -196.48 0 P 0 
L 10.07 -196.48 10.06 -196.45 0 P 0 
L 10.06 -196.45 10.05 -196.41 0 P 0 
L 10.05 -196.41 10.04 -196.37 0 P 0 
L 10.04 -196.37 10.04 -196.34 0 P 0 
L 10.04 -196.34 10.03 -196.30 0 P 0 
L 10.03 -196.30 10.03 -196.26 0 P 0 
L 10.03 -196.26 10.02 -196.23 0 P 0 
L 10.02 -196.23 10.02 -196.19 0 P 0 
L 10.02 -196.19 10.01 -196.15 0 P 0 
L 10.01 -196.15 10.01 -196.12 0 P 0 
L 10.01 -196.12 10.01 -196.08 0 P 0 
L 10.01 -196.08 10.01 -196.04 0 P 0 
L 10.01 -196.04 10.0 -196.01 0 P 0 
L 10.0 -196.01 10.0 -195.97 0 P 0 
L 10.0 -195.97 10.0 -195.93 0 P 0 
L 10.0 -195.93 10.0 -195.90 0 P 0 
L 10.0 -195.90 10.0 -195.86 0 P 0 
L 10.0 -195.86 10.0 -41.86 0 P 0 
L 10.0 -41.86 10.0 -41.82 0 P 0 
L 10.0 -41.82 10.0 -41.79 0 P 0 
L 10.0 -41.79 10.0 -41.75 0 P 0 
L 10.0 -41.75 10.0 -41.71 0 P 0 
L 10.0 -41.71 10.01 -41.68 0 P 0 
L 10.01 -41.68 10.01 -41.64 0 P 0 
L 10.01 -41.64 10.01 -41.60 0 P 0 
L 10.01 -41.60 10.01 -41.57 0 P 0 
L 10.01 -41.57 10.02 -41.53 0 P 0 
L 10.02 -41.53 10.02 -41.49 0 P 0 
L 10.02 -41.49 10.03 -41.46 0 P 0 
L 10.03 -41.46 10.03 -41.42 0 P 0 
L 10.03 -41.42 10.04 -41.38 0 P 0 
L 10.04 -41.38 10.04 -41.35 0 P 0 
L 10.04 -41.35 10.05 -41.31 0 P 0 
L 10.05 -41.31 10.06 -41.27 0 P 0 
L 10.06 -41.27 10.07 -41.24 0 P 0 
L 10.07 -41.24 10.07 -41.20 0 P 0 
L 10.07 -41.20 10.08 -41.17 0 P 0 
L 10.08 -41.17 10.09 -41.13 0 P 0 
L 10.09 -41.13 10.10 -41.10 0 P 0 
L 10.10 -41.10 10.11 -41.06 0 P 0 
L 10.11 -41.06 10.12 -41.02 0 P 0 
L 10.12 -41.02 10.13 -40.99 0 P 0 
L 10.13 -40.99 10.14 -40.95 0 P 0 
L 10.14 -40.95 10.15 -40.92 0 P 0 
L 10.15 -40.92 10.16 -40.88 0 P 0 
L 10.16 -40.88 10.18 -40.85 0 P 0 
L 10.18 -40.85 10.19 -40.81 0 P 0 
L 10.19 -40.81 10.20 -40.78 0 P 0 
L 10.20 -40.78 10.21 -40.75 0 P 0 
L 10.21 -40.75 10.23 -40.71 0 P 0 
L 10.23 -40.71 10.24 -40.68 0 P 0 
L 10.24 -40.68 10.26 -40.64 0 P 0 
L 10.26 -40.64 10.27 -40.61 0 P 0 
L 10.27 -40.61 10.29 -40.58 0 P 0 
L 10.29 -40.58 10.30 -40.54 0 P 0 
L 10.30 -40.54 10.32 -40.51 0 P 0 
L 10.32 -40.51 10.34 -40.48 0 P 0 
L 10.34 -40.48 10.35 -40.45 0 P 0 
L 10.35 -40.45 10.37 -40.41 0 P 0 
L 10.37 -40.41 10.39 -40.38 0 P 0 
L 10.39 -40.38 10.41 -40.35 0 P 0 
L 10.41 -40.35 10.43 -40.32 0 P 0 
L 10.43 -40.32 10.45 -40.29 0 P 0 
L 10.45 -40.29 10.47 -40.26 0 P 0 
L 10.47 -40.26 10.49 -40.22 0 P 0 
L 10.49 -40.22 10.51 -40.19 0 P 0 
L 10.51 -40.19 10.53 -40.16 0 P 0 
L 10.53 -40.16 10.55 -40.13 0 P 0 
L 10.55 -40.13 10.57 -40.10 0 P 0 
L 10.57 -40.10 10.59 -40.07 0 P 0 
L 10.59 -40.07 10.61 -40.04 0 P 0 
L 10.61 -40.04 10.63 -40.01 0 P 0 
L 10.63 -40.01 10.66 -39.99 0 P 0 
L 10.66 -39.99 10.68 -39.96 0 P 0 
L 10.68 -39.96 10.70 -39.93 0 P 0 
L 10.70 -39.93 10.73 -39.90 0 P 0 
L 10.73 -39.90 10.75 -39.87 0 P 0 
L 10.75 -39.87 10.78 -39.85 0 P 0 
L 10.78 -39.85 10.80 -39.82 0 P 0 
L 10.80 -39.82 10.83 -39.79 0 P 0 
L 10.83 -39.79 10.85 -39.76 0 P 0 
L 10.85 -39.76 10.88 -39.74 0 P 0 
L 10.88 -39.74 10.90 -39.71 0 P 0 
L 10.90 -39.71 10.93 -39.69 0 P 0 
L 10.93 -39.69 10.96 -39.66 0 P 0 
L 10.96 -39.66 10.99 -39.64 0 P 0 
L 10.99 -39.64 11.01 -39.61 0 P 0 
L 11.01 -39.61 11.04 -39.59 0 P 0 
L 11.04 -39.59 11.07 -39.56 0 P 0 
L 11.07 -39.56 11.10 -39.54 0 P 0 
L 11.10 -39.54 11.13 -39.52 0 P 0 
L 11.13 -39.52 11.15 -39.49 0 P 0 
L 11.15 -39.49 11.18 -39.47 0 P 0 
L 11.18 -39.47 11.21 -39.45 0 P 0 
L 11.21 -39.45 11.24 -39.43 0 P 0 
L 11.24 -39.43 11.27 -39.41 0 P 0 
L 11.27 -39.41 11.30 -39.39 0 P 0 
L 11.30 -39.39 11.33 -39.37 0 P 0 
L 11.33 -39.37 11.36 -39.35 0 P 0 
L 11.36 -39.35 11.40 -39.33 0 P 0 
L 11.40 -39.33 11.43 -39.31 0 P 0 
L 11.43 -39.31 11.46 -39.29 0 P 0 
L 11.46 -39.29 11.49 -39.27 0 P 0 
L 11.49 -39.27 11.52 -39.25 0 P 0 
L 11.52 -39.25 11.55 -39.23 0 P 0 
L 11.55 -39.23 11.59 -39.21 0 P 0 
L 11.59 -39.21 11.62 -39.20 0 P 0 
L 11.62 -39.20 11.65 -39.18 0 P 0 
L 11.65 -39.18 11.68 -39.16 0 P 0 
L 11.68 -39.16 11.72 -39.15 0 P 0 
L 11.72 -39.15 11.75 -39.13 0 P 0 
L 11.75 -39.13 11.78 -39.12 0 P 0 
L 11.78 -39.12 11.82 -39.10 0 P 0 
L 11.82 -39.10 11.85 -39.09 0 P 0 
L 11.85 -39.09 11.89 -39.07 0 P 0 
L 11.89 -39.07 11.92 -39.06 0 P 0 
L 11.92 -39.06 11.95 -39.05 0 P 0 
L 11.95 -39.05 11.99 -39.04 0 P 0 
L 11.99 -39.04 12.02 -39.02 0 P 0 
L 12.02 -39.02 12.06 -39.01 0 P 0 
L 12.06 -39.01 12.09 -39.0 0 P 0 
L 12.09 -39.0 12.13 -38.99 0 P 0 
L 12.13 -38.99 12.16 -38.98 0 P 0 
L 12.16 -38.98 12.20 -38.97 0 P 0 
L 12.20 -38.97 12.24 -38.96 0 P 0 
L 12.24 -38.96 12.27 -38.95 0 P 0 
L 12.27 -38.95 12.31 -38.94 0 P 0 
L 12.31 -38.94 12.34 -38.93 0 P 0 
L 12.34 -38.93 12.38 -38.93 0 P 0 
L 12.38 -38.93 12.41 -38.92 0 P 0 
L 12.41 -38.92 12.45 -38.91 0 P 0 
L 12.45 -38.91 12.49 -38.90 0 P 0 
L 12.49 -38.90 12.52 -38.90 0 P 0 
L 12.52 -38.90 12.56 -38.89 0 P 0 
L 12.56 -38.89 12.60 -38.89 0 P 0 
L 12.60 -38.89 12.63 -38.88 0 P 0 
L 12.63 -38.88 12.67 -38.88 0 P 0 
L 12.67 -38.88 12.71 -38.87 0 P 0 
L 12.71 -38.87 12.74 -38.87 0 P 0 
L 12.74 -38.87 12.78 -38.87 0 P 0 
L 12.78 -38.87 12.82 -38.87 0 P 0 
L 12.82 -38.87 12.85 -38.86 0 P 0 
L 12.85 -38.86 12.89 -38.86 0 P 0 
L 12.89 -38.86 12.93 -38.86 0 P 0 
L 12.93 -38.86 12.96 -38.86 0 P 0 
L 12.96 -38.86 13.0 -38.86 0 P 0 
L 13.0 -38.86 207.0 -38.86 0 P 0 
L 207.0 -38.86 207.04 -38.86 0 P 0 
L 207.04 -38.86 207.07 -38.86 0 P 0 
L 207.07 -38.86 207.11 -38.86 0 P 0 
L 207.11 -38.86 207.15 -38.86 0 P 0 
L 207.15 -38.86 207.18 -38.87 0 P 0 
L 207.18 -38.87 207.22 -38.87 0 P 0 
L 207.22 -38.87 207.26 -38.87 0 P 0 
L 207.26 -38.87 207.29 -38.87 0 P 0 
L 207.29 -38.87 207.33 -38.88 0 P 0 
L 207.33 -38.88 207.37 -38.88 0 P 0 
L 207.37 -38.88 207.40 -38.89 0 P 0 
L 207.40 -38.89 207.44 -38.89 0 P 0 
L 207.44 -38.89 207.48 -38.90 0 P 0 
L 207.48 -38.90 207.51 -38.90 0 P 0 
L 207.51 -38.90 207.55 -38.91 0 P 0 
L 207.55 -38.91 207.59 -38.92 0 P 0 
L 207.59 -38.92 207.62 -38.93 0 P 0 
L 207.62 -38.93 207.66 -38.93 0 P 0 
L 207.66 -38.93 207.69 -38.94 0 P 0 
L 207.69 -38.94 207.73 -38.95 0 P 0 
L 207.73 -38.95 207.76 -38.96 0 P 0 
L 207.76 -38.96 207.80 -38.97 0 P 0 
L 207.80 -38.97 207.84 -38.98 0 P 0 
L 207.84 -38.98 207.87 -38.99 0 P 0 
L 207.87 -38.99 207.91 -39.0 0 P 0 
L 207.91 -39.0 207.94 -39.01 0 P 0 
L 207.94 -39.01 207.98 -39.02 0 P 0 
L 207.98 -39.02 208.01 -39.04 0 P 0 
L 208.01 -39.04 208.05 -39.05 0 P 0 
L 208.05 -39.05 208.08 -39.06 0 P 0 
L 208.08 -39.06 208.11 -39.07 0 P 0 
L 208.11 -39.07 208.15 -39.09 0 P 0 
L 208.15 -39.09 208.18 -39.10 0 P 0 
L 208.18 -39.10 208.22 -39.12 0 P 0 
L 208.22 -39.12 208.25 -39.13 0 P 0 
L 208.25 -39.13 208.28 -39.15 0 P 0 
L 208.28 -39.15 208.32 -39.16 0 P 0 
L 208.32 -39.16 208.35 -39.18 0 P 0 
L 208.35 -39.18 208.38 -39.20 0 P 0 
L 208.38 -39.20 208.41 -39.21 0 P 0 
L 208.41 -39.21 208.45 -39.23 0 P 0 
L 208.45 -39.23 208.48 -39.25 0 P 0 
L 208.48 -39.25 208.51 -39.27 0 P 0 
L 208.51 -39.27 208.54 -39.29 0 P 0 
L 208.54 -39.29 208.57 -39.31 0 P 0 
L 208.57 -39.31 208.60 -39.33 0 P 0 
L 208.60 -39.33 208.64 -39.35 0 P 0 
L 208.64 -39.35 208.67 -39.37 0 P 0 
L 208.67 -39.37 208.70 -39.39 0 P 0 
L 208.70 -39.39 208.73 -39.41 0 P 0 
L 208.73 -39.41 208.76 -39.43 0 P 0 
L 208.76 -39.43 208.79 -39.45 0 P 0 
L 208.79 -39.45 208.82 -39.47 0 P 0 
L 208.82 -39.47 208.85 -39.49 0 P 0 
L 208.85 -39.49 208.87 -39.52 0 P 0 
L 208.87 -39.52 208.90 -39.54 0 P 0 
L 208.90 -39.54 208.93 -39.56 0 P 0 
L 208.93 -39.56 208.96 -39.59 0 P 0 
L 208.96 -39.59 208.99 -39.61 0 P 0 
L 208.99 -39.61 209.01 -39.64 0 P 0 
L 209.01 -39.64 209.04 -39.66 0 P 0 
L 209.04 -39.66 209.07 -39.69 0 P 0 
L 209.07 -39.69 209.10 -39.71 0 P 0 
L 209.10 -39.71 209.12 -39.74 0 P 0 
L 209.12 -39.74 209.15 -39.76 0 P 0 
L 209.15 -39.76 209.17 -39.79 0 P 0 
L 209.17 -39.79 209.20 -39.82 0 P 0 
L 209.20 -39.82 209.22 -39.85 0 P 0 
L 209.22 -39.85 209.25 -39.87 0 P 0 
L 209.25 -39.87 209.27 -39.90 0 P 0 
L 209.27 -39.90 209.30 -39.93 0 P 0 
L 209.30 -39.93 209.32 -39.96 0 P 0 
L 209.32 -39.96 209.34 -39.99 0 P 0 
L 209.34 -39.99 209.37 -40.01 0 P 0 
L 209.37 -40.01 209.39 -40.04 0 P 0 
L 209.39 -40.04 209.41 -40.07 0 P 0 
L 209.41 -40.07 209.43 -40.10 0 P 0 
L 209.43 -40.10 209.45 -40.13 0 P 0 
L 209.45 -40.13 209.47 -40.16 0 P 0 
L 209.47 -40.16 209.49 -40.19 0 P 0 
L 209.49 -40.19 209.51 -40.22 0 P 0 
L 209.51 -40.22 209.53 -40.26 0 P 0 
L 209.53 -40.26 209.55 -40.29 0 P 0 
L 209.55 -40.29 209.57 -40.32 0 P 0 
L 209.57 -40.32 209.59 -40.35 0 P 0 
L 209.59 -40.35 209.61 -40.38 0 P 0 
L 209.61 -40.38 209.63 -40.41 0 P 0 
L 209.63 -40.41 209.65 -40.45 0 P 0 
L 209.65 -40.45 209.66 -40.48 0 P 0 
L 209.66 -40.48 209.68 -40.51 0 P 0 
L 209.68 -40.51 209.70 -40.54 0 P 0 
L 209.70 -40.54 209.71 -40.58 0 P 0 
L 209.71 -40.58 209.73 -40.61 0 P 0 
L 209.73 -40.61 209.74 -40.64 0 P 0 
L 209.74 -40.64 209.76 -40.68 0 P 0 
L 209.76 -40.68 209.77 -40.71 0 P 0 
L 209.77 -40.71 209.79 -40.75 0 P 0 
L 209.79 -40.75 209.80 -40.78 0 P 0 
L 209.80 -40.78 209.81 -40.81 0 P 0 
L 209.81 -40.81 209.82 -40.85 0 P 0 
L 209.82 -40.85 209.84 -40.88 0 P 0 
L 209.84 -40.88 209.85 -40.92 0 P 0 
L 209.85 -40.92 209.86 -40.95 0 P 0 
L 209.86 -40.95 209.87 -40.99 0 P 0 
L 209.87 -40.99 209.88 -41.02 0 P 0 
L 209.88 -41.02 209.89 -41.06 0 P 0 
L 209.89 -41.06 209.90 -41.10 0 P 0 
L 209.90 -41.10 209.91 -41.13 0 P 0 
L 209.91 -41.13 209.92 -41.17 0 P 0 
L 209.92 -41.17 209.93 -41.20 0 P 0 
L 209.93 -41.20 209.93 -41.24 0 P 0 
L 209.93 -41.24 209.94 -41.27 0 P 0 
L 209.94 -41.27 209.95 -41.31 0 P 0 
L 209.95 -41.31 209.96 -41.35 0 P 0 
L 209.96 -41.35 209.96 -41.38 0 P 0 
L 209.96 -41.38 209.97 -41.42 0 P 0 
L 209.97 -41.42 209.97 -41.46 0 P 0 
L 209.97 -41.46 209.98 -41.49 0 P 0 
L 209.98 -41.49 209.98 -41.53 0 P 0 
L 209.98 -41.53 209.99 -41.57 0 P 0 
L 209.99 -41.57 209.99 -41.60 0 P 0 
L 209.99 -41.60 209.99 -41.64 0 P 0 
L 209.99 -41.64 209.99 -41.68 0 P 0 
L 209.99 -41.68 210.0 -41.71 0 P 0 
L 210.0 -41.71 210.0 -41.75 0 P 0 
L 210.0 -41.75 210.0 -41.79 0 P 0 
L 210.0 -41.79 210.0 -41.82 0 P 0 
L 210.0 -41.82 210.0 -41.86 0 P 0 
L 210.0 -41.86 210.0 -195.86 0 P 0 
L 210.0 -195.86 210.0 -195.90 0 P 0 
L 210.0 -195.90 210.0 -195.93 0 P 0 
L 210.0 -195.93 210.0 -195.97 0 P 0 
L 210.0 -195.97 210.0 -196.01 0 P 0 
L 210.0 -196.01 209.99 -196.04 0 P 0 
L 209.99 -196.04 209.99 -196.08 0 P 0 
L 209.99 -196.08 209.99 -196.12 0 P 0 
L 209.99 -196.12 209.99 -196.15 0 P 0 
L 209.99 -196.15 209.98 -196.19 0 P 0 
L 209.98 -196.19 209.98 -196.23 0 P 0 
L 209.98 -196.23 209.97 -196.26 0 P 0 
L 209.97 -196.26 209.97 -196.30 0 P 0 
L 209.97 -196.30 209.96 -196.34 0 P 0 
L 209.96 -196.34 209.96 -196.37 0 P 0 
L 209.96 -196.37 209.95 -196.41 0 P 0 
L 209.95 -196.41 209.94 -196.45 0 P 0 
L 209.94 -196.45 209.93 -196.48 0 P 0 
L 209.93 -196.48 209.93 -196.52 0 P 0 
L 209.93 -196.52 209.92 -196.55 0 P 0 
L 209.92 -196.55 209.91 -196.59 0 P 0 
L 209.91 -196.59 209.90 -196.62 0 P 0 
L 209.90 -196.62 209.89 -196.66 0 P 0 
L 209.89 -196.66 209.88 -196.70 0 P 0 
L 209.88 -196.70 209.87 -196.73 0 P 0 
L 209.87 -196.73 209.86 -196.77 0 P 0 
L 209.86 -196.77 209.85 -196.80 0 P 0 
L 209.85 -196.80 209.84 -196.84 0 P 0 
L 209.84 -196.84 209.82 -196.87 0 P 0 
L 209.82 -196.87 209.81 -196.91 0 P 0 
L 209.81 -196.91 209.80 -196.94 0 P 0 
L 209.80 -196.94 209.79 -196.97 0 P 0 
L 209.79 -196.97 209.77 -197.01 0 P 0 
L 209.77 -197.01 209.76 -197.04 0 P 0 
L 209.76 -197.04 209.74 -197.08 0 P 0 
L 209.74 -197.08 209.73 -197.11 0 P 0 
L 209.73 -197.11 209.71 -197.14 0 P 0 
L 209.71 -197.14 209.70 -197.18 0 P 0 
L 209.70 -197.18 209.68 -197.21 0 P 0 
L 209.68 -197.21 209.66 -197.24 0 P 0 
L 209.66 -197.24 209.65 -197.27 0 P 0 
L 209.65 -197.27 209.63 -197.31 0 P 0 
L 209.63 -197.31 209.61 -197.34 0 P 0 
L 209.61 -197.34 209.59 -197.37 0 P 0 
L 209.59 -197.37 209.57 -197.40 0 P 0 
L 209.57 -197.40 209.55 -197.43 0 P 0 
L 209.55 -197.43 209.53 -197.47 0 P 0 
L 209.53 -197.47 209.51 -197.50 0 P 0 
L 209.51 -197.50 209.49 -197.53 0 P 0 
L 209.49 -197.53 209.47 -197.56 0 P 0 
L 209.47 -197.56 209.45 -197.59 0 P 0 
L 209.45 -197.59 209.43 -197.62 0 P 0 
L 209.43 -197.62 209.41 -197.65 0 P 0 
L 209.41 -197.65 209.39 -197.68 0 P 0 
L 209.39 -197.68 209.37 -197.71 0 P 0 
L 209.37 -197.71 209.34 -197.73 0 P 0 
L 209.34 -197.73 209.32 -197.76 0 P 0 
L 209.32 -197.76 209.30 -197.79 0 P 0 
L 209.30 -197.79 209.27 -197.82 0 P 0 
L 209.27 -197.82 209.25 -197.85 0 P 0 
L 209.25 -197.85 209.22 -197.87 0 P 0 
L 209.22 -197.87 209.20 -197.90 0 P 0 
L 209.20 -197.90 209.17 -197.93 0 P 0 
L 209.17 -197.93 209.15 -197.96 0 P 0 
L 209.15 -197.96 209.12 -197.98 0 P 0 
L 209.12 -197.98 209.10 -198.01 0 P 0 
L 209.10 -198.01 209.07 -198.03 0 P 0 
L 209.07 -198.03 209.04 -198.06 0 P 0 
L 209.04 -198.06 209.01 -198.08 0 P 0 
L 209.01 -198.08 208.99 -198.11 0 P 0 
L 208.99 -198.11 208.96 -198.13 0 P 0 
L 208.96 -198.13 208.93 -198.16 0 P 0 
L 208.93 -198.16 208.90 -198.18 0 P 0 
L 208.90 -198.18 208.87 -198.20 0 P 0 
L 208.87 -198.20 208.85 -198.23 0 P 0 
L 208.85 -198.23 208.82 -198.25 0 P 0 
L 208.82 -198.25 208.79 -198.27 0 P 0 
L 208.79 -198.27 208.76 -198.29 0 P 0 
L 208.76 -198.29 208.73 -198.31 0 P 0 
L 208.73 -198.31 208.70 -198.33 0 P 0 
L 208.70 -198.33 208.67 -198.35 0 P 0 
L 208.67 -198.35 208.64 -198.37 0 P 0 
L 208.64 -198.37 208.60 -198.39 0 P 0 
L 208.60 -198.39 208.57 -198.41 0 P 0 
L 208.57 -198.41 208.54 -198.43 0 P 0 
L 208.54 -198.43 208.51 -198.45 0 P 0 
L 208.51 -198.45 208.48 -198.47 0 P 0 
L 208.48 -198.47 208.45 -198.49 0 P 0 
L 208.45 -198.49 208.41 -198.51 0 P 0 
L 208.41 -198.51 208.38 -198.52 0 P 0 
L 208.38 -198.52 208.35 -198.54 0 P 0 
L 208.35 -198.54 208.32 -198.56 0 P 0 
L 208.32 -198.56 208.28 -198.57 0 P 0 
L 208.28 -198.57 208.25 -198.59 0 P 0 
L 208.25 -198.59 208.22 -198.60 0 P 0 
L 208.22 -198.60 208.18 -198.62 0 P 0 
L 208.18 -198.62 208.15 -198.63 0 P 0 
L 208.15 -198.63 208.11 -198.65 0 P 0 
L 208.11 -198.65 208.08 -198.66 0 P 0 
L 208.08 -198.66 208.05 -198.67 0 P 0 
L 208.05 -198.67 208.01 -198.68 0 P 0 
L 208.01 -198.68 207.98 -198.70 0 P 0 
L 207.98 -198.70 207.94 -198.71 0 P 0 
L 207.94 -198.71 207.91 -198.72 0 P 0 
L 207.91 -198.72 207.87 -198.73 0 P 0 
L 207.87 -198.73 207.84 -198.74 0 P 0 
L 207.84 -198.74 207.80 -198.75 0 P 0 
L 207.80 -198.75 207.76 -198.76 0 P 0 
L 207.76 -198.76 207.73 -198.77 0 P 0 
L 207.73 -198.77 207.69 -198.78 0 P 0 
L 207.69 -198.78 207.66 -198.79 0 P 0 
L 207.66 -198.79 207.62 -198.79 0 P 0 
L 207.62 -198.79 207.59 -198.80 0 P 0 
L 207.59 -198.80 207.55 -198.81 0 P 0 
L 207.55 -198.81 207.51 -198.82 0 P 0 
L 207.51 -198.82 207.48 -198.82 0 P 0 
L 207.48 -198.82 207.44 -198.83 0 P 0 
L 207.44 -198.83 207.40 -198.83 0 P 0 
L 207.40 -198.83 207.37 -198.84 0 P 0 
L 207.37 -198.84 207.33 -198.84 0 P 0 
L 207.33 -198.84 207.29 -198.85 0 P 0 
L 207.29 -198.85 207.26 -198.85 0 P 0 
L 207.26 -198.85 207.22 -198.85 0 P 0 
L 207.22 -198.85 207.18 -198.85 0 P 0 
L 207.18 -198.85 207.15 -198.86 0 P 0 
L 207.15 -198.86 207.11 -198.86 0 P 0 
L 207.11 -198.86 207.07 -198.86 0 P 0 
L 207.07 -198.86 207.04 -198.86 0 P 0 
L 207.04 -198.86 207.0 -198.86 0 P 0 
L 207.0 -198.86 13.0 -198.86 0 P 0 
